Gimcheon Sangmu :  1686.0079945365633
Pohang :  1677.2601008613142
Suwon FC :  1668.0754724846447
Seoul :  1652.602201079583
Gangwon :  1649.621539315775
Ulsan HD :  1582.5965360089974
Jeonnam :  1563.999549974611
Anyang :  1562.5338774783172
Jeonbuk :  1550.2553591784413
Daegu :  1511.914799314947
Gwangju :  1509.3338714973004
Cheongju Jikji :  1505.2816983877353
Busan :  1500.8117863003636
Incheon :  1497.7078126327654
Asan :  1486.00101085345
Bucheon :  1465.9848683400799
Suwon Bluewings :  1465.115975383621
Jeju :  1459.3011307729967
Gimpo FC :  1454.4977160201645
Daejeon :  1453.287158622156
Cheonan City :  1392.4651266262522
Seoul E-Land :  1363.0543548353285
Gyeongnam :  1355.0922492632005
Ansan Greeners :  1286.4376037661482
Seongnam :  1200.7602064652451